0 49 40 92 34 68 31 91 12 84 18 29 18 88 65 83 86 86 62 44 14 63 70 16 25 13 25 14 91 72 1 9 86 58 12 15 86 5 59 3 76 88 16 40 91 81 63 25 99 54 25 31 25 88 25 48 54 62 24 80 13 38 8 62 18 35 71 41 45 9 74 91 68 19 72 10 65 66 30 20 42 96 9 48 60 60 51 48 33 29 34 36 1 4 8 29 37 42 75 83
49 0 12 20 28 1 55 68 85 88 14 57 71 100 44 52 72 90 39 20 66 19 24 7 5 63 100 99 57 64 51 46 87 66 59 12 11 64 42 47 4 48 26 46 36 49 100 37 57 70 8 30 68 89 10 89 92 24 71 66 4 84 88 97 54 11 59 15 59 17 79 22 89 66 51 91 7 40 19 41 82 67 56 5 93 13 21 20 56 71 3 80 59 83 19 92 22 59 85 63
40 12 0 43 20 1 65 53 18 82 48 95 64 53 33 74 38 26 52 15 63 52 17 80 83 94 71 78 28 51 14 68 42 57 29 56 42 13 16 40 63 54 13 19 6 73 16 52 23 17 77 33 12 62 45 98 81 72 94 54 40 20 35 94 78 58 61 77 75 96 52 10 37 4 6 16 17 29 74 44 10 9 45 51 72 5 10 46 43 59 40 50 20 39 46 1 97 98 9 22
92 20 43 0 33 44 33 52 16 98 16 10 63 12 6 23 25 54 23 41 64 33 70 96 54 77 100 24 10 85 17 31 29 43 56 68 35 10 77 8 46 49 22 20 87 9 75 85 99 14 35 10 16 71 70 44 38 80 61 19 52 68 90 64 80 35 17 66 61 3 21 76 6 4 13 24 35 31 46 84 33 29 35 94 78 64 43 19 61 32 88 43 62 91 28 16 18 46 47 34
34 28 20 33 0 85 68 62 42 99 42 52 13 80 78 56 91 3 73 44 13 93 98 22 50 98 26 63 78 14 28 2 42 10 65 92 91 33 82 74 59 32 90 23 34 55 61 30 56 22 36 73 5 5 80 52 81 39 80 42 77 15 48 20 65 57 66 31 76 75 22 32 88 1 1 45 14 95 1 58 53 71 90 86 78 96 75 45 13 33 72 46 16 55 19 39 85 71 98 41
68 1 1 44 85 0 40 34 94 58 64 48 48 28 91 74 19 30 25 41 74 20 12 22 26 31 11 63 1 25 97 2 82 6 12 67 60 64 80 25 85 36 84 68 90 83 43 49 52 2 51 33 95 46 35 1 74 15 98 16 87 77 43 57 7 86 34 50 58 96 40 34 43 15 37 92 96 77 46 49 9 20 71 61 57 36 24 68 13 23 77 32 72 100 49 10 22 98 31 5
31 55 65 33 68 40 0 38 87 35 51 20 14 80 47 71 12 83 61 47 1 12 99 74 74 92 69 14 68 71 47 13 94 50 48 26 92 71 4 1 41 4 37 6 89 78 49 8 86 17 71 76 96 36 74 90 30 51 25 98 14 24 94 76 49 45 2 80 58 39 81 87 20 45 37 51 87 74 58 67 12 73 73 21 95 43 30 74 25 4 79 72 82 67 5 83 25 29 36 91
91 68 53 52 62 34 38 0 24 98 71 57 79 1 10 43 71 44 76 14 18 13 5 4 6 39 81 41 37 77 53 21 31 84 77 56 60 97 15 43 91 98 76 46 45 92 9 53 95 82 45 59 18 40 87 6 65 70 7 17 53 33 18 70 71 31 78 38 91 99 40 76 64 2 89 42 11 56 71 26 73 21 20 17 72 3 72 44 90 2 69 5 96 27 2 87 4 11 91 64
12 85 18 16 42 94 87 24 0 49 18 67 3 22 54 50 2 71 69 2 47 33 47 9 40 94 72 20 5 25 94 89 21 82 5 71 27 71 60 23 99 88 74 96 93 35 14 46 35 50 63 60 41 41 60 54 19 53 15 14 18 30 61 5 52 1 19 31 22 88 40 84 51 32 51 72 48 42 48 9 87 28 10 51 5 85 7 71 17 94 78 13 73 23 84 90 26 64 46 8
84 88 82 98 99 58 35 98 49 0 23 82 51 44 4 88 51 85 47 40 14 18 53 17 55 56 21 31 24 76 56 80 8 20 72 65 48 51 41 84 17 10 14 76 21 68 66 34 77 84 97 73 31 2 64 70 24 19 7 80 85 84 28 77 94 44 71 95 24 94 51 39 64 49 80 13 15 51 73 42 99 79 6 64 91 84 70 57 19 55 80 87 50 2 34 9 17 49 41 67
18 14 48 16 42 64 51 71 18 23 0 60 98 36 66 86 76 11 74 46 58 78 96 77 12 86 24 21 46 28 47 48 66 19 75 53 76 56 56 70 83 71 15 18 5 82 20 23 77 64 11 18 64 42 38 79 37 60 9 20 64 79 61 35 28 24 57 65 100 17 12 100 98 72 45 88 6 95 4 75 41 16 10 11 6 83 46 63 75 67 65 48 24 93 37 62 71 78 57 6
29 57 95 10 52 48 20 57 67 82 60 0 77 61 27 19 33 100 8 78 56 23 12 99 5 1 21 93 4 83 58 81 25 65 81 7 2 20 61 66 20 28 91 76 55 41 20 82 66 17 9 32 88 82 51 96 58 39 36 86 3 64 76 71 100 76 45 81 35 89 18 57 52 78 75 14 95 94 58 71 76 54 96 64 93 6 4 57 65 23 71 38 81 51 86 60 100 59 27 6
18 71 64 63 13 48 14 79 3 51 98 77 0 44 76 43 5 81 89 76 39 69 96 35 62 52 27 35 32 94 48 36 7 44 81 46 5 90 19 10 25 27 73 34 10 89 50 5 21 9 86 70 91 50 50 11 39 45 75 29 7 37 13 32 49 68 84 43 90 15 70 62 37 93 66 17 65 99 14 23 81 95 96 77 80 30 16 62 31 99 2 63 67 49 11 4 60 43 14 85
88 100 53 12 80 28 80 1 22 44 36 61 44 0 87 44 66 42 79 88 47 68 8 76 84 72 12 93 47 74 7 67 24 71 96 51 13 50 35 13 40 40 2 46 48 7 20 32 21 36 33 28 1 86 29 25 56 46 22 26 9 26 35 3 61 34 20 26 64 81 80 94 51 92 9 32 50 95 34 41 100 74 67 85 89 80 46 80 55 31 79 18 32 84 17 32 62 61 16 6
65 44 33 6 78 91 47 10 54 4 66 27 76 87 0 30 98 27 19 90 21 46 25 67 49 64 83 79 4 27 90 65 29 25 61 31 67 94 63 2 18 62 17 3 79 33 88 38 19 85 40 74 36 58 46 41 5 75 83 92 93 23 93 81 46 58 52 68 49 30 8 62 38 99 32 65 90 34 38 82 73 77 80 54 33 60 41 84 78 37 92 88 64 69 39 60 56 14 86 83
83 52 74 23 56 74 71 43 50 88 86 19 43 44 30 0 92 29 80 71 39 73 71 74 68 96 42 48 50 11 53 21 16 2 78 56 71 95 40 43 82 69 13 100 55 6 66 92 16 4 17 20 87 81 54 80 27 8 77 68 83 91 71 52 34 58 81 78 65 19 96 32 32 90 6 35 15 74 10 78 99 71 84 64 73 30 81 16 61 46 42 8 53 58 88 73 62 14 63 84
86 72 38 25 91 19 12 71 2 51 76 33 5 66 98 92 0 55 43 81 21 48 23 42 17 38 57 77 81 3 39 28 68 30 25 8 100 25 81 96 46 55 37 10 26 16 13 59 100 28 80 59 85 49 42 38 71 45 16 37 54 58 66 55 92 41 75 74 88 21 32 76 86 14 31 7 28 57 10 39 71 85 13 48 66 51 95 49 42 27 44 60 66 12 60 83 73 30 55 77
86 90 26 54 3 30 83 44 71 85 11 100 81 42 27 29 55 0 8 76 56 94 8 98 62 74 78 5 45 95 38 50 86 31 35 72 91 59 20 15 58 48 71 69 13 38 76 6 19 85 91 55 14 75 19 52 87 96 43 83 88 20 12 58 79 4 30 55 94 64 35 97 16 34 74 37 93 40 14 42 45 72 79 79 72 92 58 31 75 17 44 31 5 64 41 82 27 39 75 59
62 39 52 23 73 25 61 76 69 47 74 8 89 79 19 80 43 8 0 5 29 76 89 99 42 81 57 82 71 82 8 38 20 11 24 16 78 15 55 49 4 44 33 16 87 3 25 31 50 77 12 9 65 72 71 1 93 98 34 9 29 67 41 41 6 76 42 41 74 35 91 9 50 94 62 91 37 61 59 73 54 28 89 64 80 48 6 89 25 89 33 18 70 42 26 79 61 58 4 54
44 20 15 41 44 41 47 14 2 40 46 78 76 88 90 71 81 76 5 0 89 80 77 95 18 61 81 100 68 79 39 51 65 86 16 19 62 63 73 75 61 10 56 94 59 75 12 99 68 13 18 76 67 48 49 33 42 67 44 12 41 100 20 64 60 95 92 87 100 62 70 40 29 15 43 68 67 38 54 34 89 11 39 48 13 24 60 39 59 98 79 69 48 42 50 75 62 30 96 74
14 66 63 64 13 74 1 18 47 14 58 56 39 47 21 39 21 56 29 89 0 25 67 83 75 98 22 11 21 27 7 65 54 8 59 83 80 85 90 12 10 3 6 5 28 3 23 35 33 50 5 36 98 47 95 22 94 84 24 74 76 58 9 73 57 76 39 96 43 67 96 100 56 22 69 48 16 66 80 66 44 28 63 72 68 29 91 60 67 89 18 33 56 4 86 26 26 96 70 83
63 19 52 33 93 20 12 13 33 18 78 23 69 68 46 73 48 94 76 80 25 0 7 87 3 64 70 24 77 22 90 85 100 84 11 99 10 2 97 39 49 7 68 3 19 18 78 27 74 43 57 80 5 9 61 67 22 1 21 35 56 18 65 22 79 58 96 45 85 26 98 2 50 50 55 32 48 22 3 36 11 64 48 80 31 1 45 56 35 89 24 80 66 5 33 61 96 57 36 51
70 24 17 70 98 12 99 5 47 53 96 12 96 8 25 71 23 8 89 77 67 7 0 40 38 75 36 76 85 38 75 55 60 24 43 88 52 45 51 28 47 13 11 48 88 45 69 7 27 74 73 39 23 55 56 42 20 100 62 96 65 63 56 94 96 89 72 33 20 43 9 20 79 95 79 67 19 94 1 72 81 37 60 90 22 42 51 8 6 34 28 17 7 38 56 51 2 93 47 28
16 7 80 96 22 22 74 4 9 17 77 99 35 76 67 74 42 98 99 95 83 87 40 0 40 75 18 89 96 47 79 19 86 1 74 73 73 50 97 99 18 3 90 85 75 69 50 59 56 66 23 40 82 80 6 78 15 7 22 99 56 1 83 38 10 18 63 34 67 10 80 82 82 96 17 4 21 49 92 71 57 73 64 34 8 28 32 99 100 39 2 25 86 21 64 20 54 24 5 81
25 5 83 54 50 26 74 6 40 55 12 5 62 84 49 68 17 62 42 18 75 3 38 40 0 53 71 18 70 100 64 69 2 93 51 82 44 59 50 40 28 13 84 14 81 58 64 72 17 21 80 8 62 11 51 82 77 92 41 10 51 50 5 70 64 60 32 16 94 88 44 78 89 30 51 40 81 64 87 22 24 55 8 15 91 22 58 67 98 64 80 41 18 20 9 11 37 84 37 32
13 63 94 77 98 31 92 39 94 56 86 1 52 72 64 96 38 74 81 61 98 64 75 75 53 0 6 83 97 100 21 47 60 63 42 63 31 10 11 40 77 9 65 15 90 63 9 4 88 13 38 37 66 20 22 98 19 87 28 54 87 12 24 67 5 18 7 12 25 49 11 34 15 4 68 49 5 78 45 35 12 10 77 43 84 87 1 59 63 22 42 56 29 34 16 11 70 37 44 45
25 100 71 100 26 11 69 81 72 21 24 21 27 12 83 42 57 78 57 81 22 70 36 18 71 6 0 4 80 14 63 59 66 46 65 41 97 28 67 13 2 32 49 17 97 24 55 62 65 64 45 60 13 51 64 88 39 67 70 10 13 3 68 87 83 17 84 80 99 54 17 28 50 9 87 47 87 54 46 48 66 57 5 79 79 65 80 31 75 34 22 44 68 62 2 36 86 66 88 11
14 99 78 24 63 63 14 41 20 31 21 93 35 93 79 48 77 5 82 100 11 24 76 89 18 83 4 0 13 75 37 53 81 19 4 74 31 20 20 56 23 58 30 37 98 68 94 80 89 92 46 59 35 14 32 57 97 77 61 28 42 42 96 5 86 40 89 10 36 97 47 2 84 24 65 24 80 59 28 65 82 44 86 18 15 40 44 56 82 41 68 97 88 71 73 9 92 5 89 78
91 57 28 10 78 1 68 37 5 24 46 4 32 47 4 50 81 45 71 68 21 77 85 96 70 97 80 13 0 22 78 1 17 18 1 82 63 9 32 85 86 40 83 54 60 1 1 74 49 3 40 34 86 36 49 15 88 60 46 93 22 8 66 32 7 75 32 91 42 99 11 97 21 76 98 57 53 42 17 65 54 98 69 71 100 29 88 96 84 58 99 97 68 89 25 70 27 3 13 5
72 64 51 85 14 25 71 77 25 76 28 83 94 74 27 11 3 95 82 79 27 22 38 47 100 100 14 75 22 0 36 99 29 95 73 98 95 97 16 33 14 16 57 9 99 48 40 47 38 33 29 97 33 28 44 61 85 6 37 72 38 98 97 16 34 28 74 20 39 9 40 49 99 93 60 28 21 19 97 60 100 75 19 88 10 84 26 79 52 79 17 65 7 2 56 33 37 19 74 52
1 51 14 17 28 97 47 53 94 56 47 58 48 7 90 53 39 38 8 39 7 90 75 79 64 21 63 37 78 36 0 31 8 3 8 93 95 14 44 61 54 31 46 3 20 47 60 37 100 76 77 41 1 94 8 32 86 91 24 2 52 16 38 13 58 88 85 37 5 68 14 41 3 36 75 97 20 20 7 48 53 63 37 44 62 9 52 85 15 82 45 82 46 62 14 20 86 38 25 51
9 46 68 31 2 2 13 21 89 80 48 81 36 67 65 21 28 50 38 51 65 85 55 19 69 47 59 53 1 99 31 0 73 63 38 64 82 57 30 73 88 61 62 95 83 92 96 11 13 20 47 26 96 16 65 8 94 81 38 43 58 87 12 40 95 11 89 9 33 91 93 44 80 76 28 36 75 89 47 43 54 14 53 12 81 65 86 71 55 23 13 48 27 86 90 41 57 26 73 52
86 87 42 29 42 82 94 31 21 8 66 25 7 24 29 16 68 86 20 65 54 100 60 86 2 60 66 81 17 29 8 73 0 84 23 52 40 35 58 39 50 41 50 10 77 20 45 100 61 37 67 53 25 98 46 80 32 38 95 49 74 56 18 52 10 14 2 56 62 56 92 60 97 55 55 89 1 68 38 16 72 12 54 65 1 99 79 14 87 75 60 53 82 46 60 36 51 87 58 33
58 66 57 43 10 6 50 84 82 20 19 65 44 71 25 2 30 31 11 86 8 84 24 1 93 63 46 19 18 95 3 63 84 0 87 94 68 32 59 39 42 42 8 30 65 38 96 52 76 62 17 3 75 81 66 7 82 5 26 50 31 96 22 89 77 70 61 42 73 20 94 30 76 99 42 100 76 95 46 37 64 82 65 81 52 100 35 9 38 15 96 20 77 46 68 74 83 77 65 80
12 59 29 56 65 12 48 77 5 72 75 81 81 96 61 78 25 35 24 16 59 11 43 74 51 42 65 4 1 73 8 38 23 87 0 22 88 91 36 43 94 88 26 59 20 4 16 57 17 86 53 17 14 49 24 65 49 15 50 23 34 39 17 56 83 91 94 55 11 16 63 7 28 8 75 95 90 53 67 37 41 27 69 100 95 98 87 25 86 74 26 93 47 97 4 61 37 16 80 28
15 12 56 68 92 67 26 56 71 65 53 7 46 51 31 56 8 72 16 19 83 99 88 73 82 63 41 74 82 98 93 64 52 94 22 0 37 29 44 78 18 92 33 69 12 86 71 15 24 33 62 70 21 88 82 13 73 72 41 83 69 76 14 10 14 78 100 86 99 53 57 6 11 92 94 23 47 76 51 33 19 4 63 99 47 70 64 4 41 25 42 40 41 70 96 77 1 52 61 8
86 11 42 35 91 60 92 60 27 48 76 2 5 13 67 71 100 91 78 62 80 10 52 73 44 31 97 31 63 95 95 82 40 68 88 37 0 5 43 67 84 36 98 47 46 69 10 52 44 20 88 29 21 58 33 53 3 91 31 88 85 18 25 85 92 2 13 44 6 22 97 54 76 71 99 14 30 20 40 31 28 84 87 46 98 15 74 85 63 98 11 79 13 99 80 71 1 21 72 36
5 64 13 10 33 64 71 97 71 51 56 20 90 50 94 95 25 59 15 63 85 2 45 50 59 10 28 20 9 97 14 57 35 32 91 29 5 0 73 46 99 33 70 94 30 35 64 27 4 60 51 70 91 28 28 88 90 51 73 18 83 81 66 49 1 20 25 35 33 75 44 67 80 70 88 85 91 79 4 18 100 100 98 97 5 47 2 64 79 98 68 88 13 7 58 98 23 100 71 3
59 42 16 77 82 80 4 15 60 41 56 61 19 35 63 40 81 20 55 73 90 97 51 97 50 11 67 20 32 16 44 30 58 59 36 44 43 73 0 60 58 75 23 21 27 89 67 17 35 65 79 72 31 14 52 75 30 21 25 37 32 51 40 43 20 39 37 59 11 48 52 34 1 40 57 62 53 87 84 41 63 53 57 46 30 78 74 92 51 100 42 96 86 43 85 97 72 30 26 36
3 47 40 8 74 25 1 43 23 84 70 66 10 13 2 43 96 15 49 75 12 39 28 99 40 40 13 56 85 33 61 73 39 39 43 78 67 46 60 0 8 6 12 40 21 4 52 100 46 33 35 17 7 76 36 88 82 53 93 66 63 23 91 94 26 85 41 61 23 11 22 85 41 40 95 20 23 61 54 20 15 54 97 29 69 27 70 63 73 90 100 26 28 1 44 28 6 30 80 87
76 4 63 46 59 85 41 91 99 17 83 20 25 40 18 82 46 58 4 61 10 49 47 18 28 77 2 23 86 14 54 88 50 42 94 18 84 99 58 8 0 55 14 78 80 29 46 99 84 96 77 77 61 26 35 12 51 36 34 96 6 80 61 16 24 19 82 11 14 85 72 92 2 16 66 36 3 67 64 20 63 80 75 35 74 35 10 32 44 74 67 42 33 100 86 44 34 5 24 58
88 48 54 49 32 36 4 98 88 10 71 28 27 40 62 69 55 48 44 10 3 7 13 3 13 9 32 58 40 16 31 61 41 42 88 92 36 33 75 6 55 0 44 45 72 16 88 73 93 10 54 50 33 28 100 74 40 62 54 72 99 32 98 28 47 93 88 64 57 37 60 53 13 59 53 53 30 83 55 56 7 27 84 50 82 96 6 10 28 83 78 31 79 63 22 39 13 59 39 31
16 26 13 22 90 84 37 76 74 14 15 91 73 2 17 13 37 71 33 56 6 68 11 90 84 65 49 30 83 57 46 62 50 8 26 33 98 70 23 12 14 44 0 84 80 18 55 28 19 62 89 2 71 64 28 80 47 38 93 19 46 70 67 76 79 69 96 23 74 31 43 46 34 58 70 2 83 66 80 99 71 40 65 93 22 61 10 65 4 51 90 77 82 46 48 99 76 58 96 63
40 46 19 20 23 68 6 46 96 76 18 76 34 46 3 100 10 69 16 94 5 3 48 85 14 15 17 37 54 9 3 95 10 30 59 69 47 94 21 40 78 45 84 0 69 22 99 15 58 54 78 31 57 48 37 11 6 30 99 48 81 21 99 28 38 84 22 52 93 67 33 95 31 87 1 7 1 54 43 18 52 65 6 49 44 97 77 61 62 13 17 86 47 53 69 19 24 81 78 5
91 36 6 87 34 90 89 45 93 21 5 55 10 48 79 55 26 13 87 59 28 19 88 75 81 90 97 98 60 99 20 83 77 65 20 12 46 30 27 21 80 72 80 69 0 100 81 11 57 51 64 96 71 11 58 16 58 13 95 54 39 22 25 22 42 47 86 26 5 26 72 56 18 58 17 28 99 56 63 35 50 2 95 37 86 16 76 78 27 41 16 72 18 92 10 36 95 67 63 59
81 49 73 9 55 83 78 92 35 68 82 41 89 7 33 6 16 38 3 75 3 18 45 69 58 63 24 68 1 48 47 92 20 38 4 86 69 35 89 4 29 16 18 22 100 0 73 48 97 34 34 9 34 45 14 83 48 27 29 11 10 55 85 69 59 78 29 99 23 10 50 32 100 35 4 53 56 52 16 98 78 97 44 10 56 85 36 54 7 89 23 79 25 67 82 40 3 68 27 27
63 100 16 75 61 43 49 9 14 66 20 20 50 20 88 66 13 76 25 12 23 78 69 50 64 9 55 94 1 40 60 96 45 96 16 71 10 64 67 52 46 88 55 99 81 73 0 82 12 11 17 98 100 76 99 43 95 43 57 6 88 86 4 55 20 51 33 95 50 90 61 18 92 30 72 27 33 52 76 48 95 81 54 56 15 31 72 69 34 89 4 79 32 10 26 77 31 19 28 24
25 37 52 85 30 49 8 53 46 34 23 82 5 32 38 92 59 6 31 99 35 27 7 59 72 4 62 80 74 47 37 11 100 52 57 15 52 27 17 100 99 73 28 15 11 48 82 0 22 18 7 42 66 95 51 31 67 60 52 83 52 36 99 66 76 55 87 64 57 37 83 25 46 39 99 75 88 30 50 97 11 39 33 48 73 2 8 6 70 34 90 57 87 95 42 92 100 80 92 39
99 57 23 99 56 52 86 95 35 77 77 66 21 21 19 16 100 19 50 68 33 74 27 56 17 88 65 89 49 38 100 13 61 76 17 24 44 4 35 46 84 93 19 58 57 97 12 22 0 62 34 47 12 92 64 10 2 50 38 82 47 43 41 33 94 57 10 58 4 54 98 61 41 55 41 61 43 10 96 100 99 37 78 98 42 18 23 93 2 80 50 47 54 91 42 14 47 54 98 45
54 70 17 14 22 2 17 82 50 84 64 17 9 36 85 4 28 85 77 13 50 43 74 66 21 13 64 92 3 33 76 20 37 62 86 33 20 60 65 33 96 10 62 54 51 34 11 18 62 0 73 8 21 3 20 54 51 82 21 89 44 18 31 26 24 89 40 86 96 51 94 19 59 94 25 74 23 33 72 33 6 4 85 76 73 30 100 21 16 91 76 52 70 83 83 83 24 90 69 77
25 8 77 35 36 51 71 45 63 97 11 9 86 33 40 17 80 91 12 18 5 57 73 23 80 38 45 46 40 29 77 47 67 17 53 62 88 51 79 35 77 54 89 78 64 34 17 7 34 73 0 54 36 30 49 13 50 94 75 55 76 53 37 11 72 24 32 24 19 56 28 49 9 92 35 58 5 21 87 53 56 76 31 40 72 92 61 93 73 61 31 52 71 58 34 11 81 53 92 88
31 30 33 10 73 33 76 59 60 73 18 32 70 28 74 20 59 55 9 76 36 80 39 40 8 37 60 59 34 97 41 26 53 3 17 70 29 70 72 17 77 50 2 31 96 9 98 42 47 8 54 0 82 4 94 19 70 98 94 28 65 94 84 94 63 28 1 32 77 38 100 17 82 24 84 95 72 81 22 71 69 25 68 75 66 84 74 12 42 80 76 96 91 84 44 98 77 51 28 14
25 68 12 16 5 95 96 18 41 31 64 88 91 1 36 87 85 14 65 67 98 5 23 82 62 66 13 35 86 33 1 96 25 75 14 21 21 91 31 7 61 33 71 57 71 34 100 66 12 21 36 82 0 82 37 59 62 29 23 76 61 71 86 35 6 33 33 13 9 46 22 37 72 90 42 53 84 74 22 91 10 66 9 100 19 34 48 22 44 60 55 97 18 100 81 46 34 72 76 90
88 89 62 71 5 46 36 40 41 2 42 82 50 86 58 81 49 75 72 48 47 9 55 80 11 20 51 14 36 28 94 16 98 81 49 88 58 28 14 76 26 28 64 48 11 45 76 95 92 3 30 4 82 0 80 31 87 83 55 24 3 41 82 36 19 29 97 17 7 59 29 86 56 37 15 55 94 35 1 69 20 1 40 82 18 10 83 9 93 86 64 100 34 69 43 86 23 92 62 47
25 10 45 70 80 35 74 87 60 64 38 51 50 29 46 54 42 19 71 49 95 61 56 6 51 22 64 32 49 44 8 65 46 66 24 82 33 28 52 36 35 100 28 37 58 14 99 51 64 20 49 94 37 80 0 89 49 46 88 60 14 17 93 37 74 6 55 81 69 85 60 49 24 99 32 95 89 16 63 77 11 68 87 29 64 76 95 68 26 54 29 93 59 62 25 8 87 42 16 24
48 89 98 44 52 1 90 6 54 70 79 96 11 25 41 80 38 52 1 33 22 67 42 78 82 98 88 57 15 61 32 8 80 7 65 13 53 88 75 88 12 74 80 11 16 83 43 31 10 54 13 19 59 31 89 0 65 53 27 22 59 70 16 35 27 52 53 95 68 34 57 1 92 67 23 70 9 1 61 31 97 77 13 51 86 4 53 34 96 56 63 34 8 26 73 84 34 15 18 71
54 92 81 38 81 74 30 65 19 24 37 58 39 56 5 27 71 87 93 42 94 22 20 15 77 19 39 97 88 85 86 94 32 82 49 73 3 90 30 82 51 40 47 6 58 48 95 67 2 51 50 70 62 87 49 65 0 20 58 31 12 81 61 81 33 73 28 76 60 71 94 93 18 81 43 94 65 27 8 87 16 94 72 10 13 5 60 64 17 77 4 65 76 79 26 87 57 54 40 66
62 24 72 80 39 15 51 70 53 19 60 39 45 46 75 8 45 96 98 67 84 1 100 7 92 87 67 77 60 6 91 81 38 5 15 72 91 51 21 53 36 62 38 30 13 27 43 60 50 82 94 98 29 83 46 53 20 0 1 78 76 98 77 92 28 21 89 4 39 70 8 85 40 37 22 45 20 68 39 40 26 47 40 15 36 38 40 22 12 46 5 10 88 58 62 20 5 4 98 97
24 71 94 61 80 98 25 7 15 7 9 36 75 22 83 77 16 43 34 44 24 21 62 22 41 28 70 61 46 37 24 38 95 26 50 41 31 73 25 93 34 54 93 99 95 29 57 52 38 21 75 94 23 55 88 27 58 1 0 15 73 29 2 74 39 9 56 35 69 84 97 15 25 25 2 30 33 51 64 38 75 16 3 86 77 76 19 52 37 47 59 39 68 78 80 67 39 73 43 30
80 66 54 19 42 16 98 17 14 80 20 86 29 26 92 68 37 83 9 12 74 35 96 99 10 54 10 28 93 72 2 43 49 50 23 83 88 18 37 66 96 72 19 48 54 11 6 83 82 89 55 28 76 24 60 22 31 78 15 0 51 11 4 82 33 39 70 90 70 9 52 20 76 1 81 53 50 47 68 31 87 35 79 10 40 61 33 31 41 77 2 66 26 17 94 86 33 98 68 70
13 4 40 52 77 87 14 53 18 85 64 3 7 9 93 83 54 88 29 41 76 56 65 56 51 87 13 42 22 38 52 58 74 31 34 69 85 83 32 63 6 99 46 81 39 10 88 52 47 44 76 65 61 3 14 59 12 76 73 51 0 18 55 62 46 77 9 36 98 32 4 12 27 23 44 87 84 99 83 38 33 73 2 69 37 4 13 73 66 35 68 99 93 44 67 46 15 52 82 3
38 84 20 68 15 77 24 33 30 84 79 64 37 26 23 91 58 20 67 100 58 18 63 1 50 12 3 42 8 98 16 87 56 96 39 76 18 81 51 23 80 32 70 21 22 55 86 36 43 18 53 94 71 41 17 70 81 98 29 11 18 0 97 98 77 68 90 1 5 35 75 59 87 4 91 72 15 49 41 69 93 94 36 86 7 100 68 96 87 84 86 26 96 35 20 37 11 58 10 67
8 88 35 90 48 43 94 18 61 28 61 76 13 35 93 71 66 12 41 20 9 65 56 83 5 24 68 96 66 97 38 12 18 22 17 14 25 66 40 91 61 98 67 99 25 85 4 99 41 31 37 84 86 82 93 16 61 77 2 4 55 97 0 7 86 14 56 42 16 11 81 65 70 74 16 64 98 79 59 20 43 74 12 58 74 92 98 66 69 60 68 98 40 39 85 90 45 1 20 34
62 97 94 64 20 57 76 70 5 77 35 71 32 3 81 52 55 58 41 64 73 22 94 38 70 67 87 5 32 16 13 40 52 89 56 10 85 49 43 94 16 28 76 28 22 69 55 66 33 26 11 94 35 36 37 35 81 92 74 82 62 98 7 0 24 67 17 81 10 50 17 58 78 59 25 42 82 50 100 18 87 53 100 1 21 47 37 35 95 63 14 99 76 72 16 61 94 91 83 55
18 54 78 80 65 7 49 71 52 94 28 100 49 61 46 34 92 79 6 60 57 79 96 10 64 5 83 86 7 34 58 95 10 77 83 14 92 1 20 26 24 47 79 38 42 59 20 76 94 24 72 63 6 19 74 27 33 28 39 33 46 77 86 24 0 95 98 32 64 34 79 97 83 99 74 84 31 45 44 27 30 61 71 1 39 66 91 80 42 8 6 26 5 75 19 100 19 68 95 33
35 11 58 35 57 86 45 31 1 44 24 76 68 34 58 58 41 4 76 95 76 58 89 18 60 18 17 40 75 28 88 11 14 70 91 78 2 20 39 85 19 93 69 84 47 78 51 55 57 89 24 28 33 29 6 52 73 21 9 39 77 68 14 67 95 0 41 17 80 8 10 21 5 95 71 59 12 5 73 28 82 89 100 84 28 71 29 77 86 42 19 97 29 24 65 6 57 37 32 68
71 59 61 17 66 34 2 78 19 71 57 45 84 20 52 81 75 30 42 92 39 96 72 63 32 7 84 89 32 74 85 89 2 61 94 100 13 25 37 41 82 88 96 22 86 29 33 87 10 40 32 1 33 97 55 53 28 89 56 70 9 90 56 17 98 41 0 14 56 24 23 87 75 8 26 95 20 17 45 22 71 98 68 92 100 30 42 31 24 58 12 55 92 14 4 78 63 34 22 51
41 15 77 66 31 50 80 38 31 95 65 81 43 26 68 78 74 55 41 87 96 45 33 34 16 12 80 10 91 20 37 9 56 42 55 86 44 35 59 61 11 64 23 52 26 99 95 64 58 86 24 32 13 17 81 95 76 4 35 90 36 1 42 81 32 17 14 0 50 94 74 94 87 68 22 77 66 49 71 75 32 53 28 7 35 71 59 21 82 80 55 23 21 29 68 48 43 94 31 32
45 59 75 61 76 58 58 91 22 24 100 35 90 64 49 65 88 94 74 100 43 85 20 67 94 25 99 36 42 39 5 33 62 73 11 99 6 33 11 23 14 57 74 93 5 23 50 57 4 96 19 77 9 7 69 68 60 39 69 70 98 5 16 10 64 80 56 50 0 68 32 93 80 9 17 13 77 44 90 2 81 94 48 12 38 51 23 62 46 71 78 85 86 76 21 18 12 1 58 13
9 17 96 3 75 96 39 99 88 94 17 89 15 81 30 19 21 64 35 62 67 26 43 10 88 49 54 97 99 9 68 91 56 20 16 53 22 75 48 11 85 37 31 67 26 10 90 37 54 51 56 38 46 59 85 34 71 70 84 9 32 35 11 50 34 8 24 94 68 0 16 67 54 77 100 64 74 75 75 19 53 42 55 17 3 21 74 9 48 57 32 13 57 97 67 9 14 56 17 72
74 79 52 21 22 40 81 40 40 51 12 18 70 80 8 96 32 35 91 70 96 98 9 80 44 11 17 47 11 40 14 93 92 94 63 57 97 44 52 22 72 60 43 33 72 50 61 83 98 94 28 100 22 29 60 57 94 8 97 52 4 75 81 17 79 10 23 74 32 16 0 65 30 33 4 2 53 53 96 60 24 70 7 76 27 57 50 82 74 38 46 19 84 61 5 33 47 44 100 75
91 22 10 76 32 34 87 76 84 39 100 57 62 94 62 32 76 97 9 40 100 2 20 82 78 34 28 2 97 49 41 44 60 30 7 6 54 67 34 85 92 53 46 95 56 32 18 25 61 19 49 17 37 86 49 1 93 85 15 20 12 59 65 58 97 21 87 94 93 67 65 0 39 18 100 70 45 59 37 65 95 30 9 85 37 86 57 27 31 43 9 84 4 10 45 53 68 18 13 15
68 89 37 6 88 43 20 64 51 64 98 52 37 51 38 32 86 16 50 29 56 50 79 82 89 15 50 84 21 99 3 80 97 76 28 11 76 80 1 41 2 13 34 31 18 100 92 46 41 59 9 82 72 56 24 92 18 40 25 76 27 87 70 78 83 5 75 87 80 54 30 39 0 59 27 40 30 60 97 64 80 16 98 15 57 39 35 86 23 95 19 88 46 15 72 41 69 38 94 73
19 66 4 4 1 15 45 2 32 49 72 78 93 92 99 90 14 34 94 15 22 50 95 96 30 4 9 24 76 93 36 76 55 99 8 92 71 70 40 40 16 59 58 87 58 35 30 39 55 94 92 24 90 37 99 67 81 37 25 1 23 4 74 59 99 95 8 68 9 77 33 18 59 0 35 50 48 26 1 50 14 58 31 5 24 83 47 39 95 53 87 13 32 51 32 22 57 36 21 93
72 51 6 13 1 37 37 89 51 80 45 75 66 9 32 6 31 74 62 43 69 55 79 17 51 68 87 65 98 60 75 28 55 42 75 94 99 88 57 95 66 53 70 1 17 4 72 99 41 25 35 84 42 15 32 23 43 22 2 81 44 91 16 25 74 71 26 22 17 100 4 100 27 35 0 15 13 10 97 38 54 87 5 85 2 52 77 68 89 12 78 97 76 50 54 52 80 56 49 74
10 91 16 24 45 92 51 42 72 13 88 14 17 32 65 35 7 37 91 68 48 32 67 4 40 49 47 24 57 28 97 36 89 100 95 23 14 85 62 20 36 53 2 7 28 53 27 75 61 74 58 95 53 55 95 70 94 45 30 53 87 72 64 42 84 59 95 77 13 64 2 70 40 50 15 0 47 48 12 92 53 18 83 15 10 38 10 98 2 31 84 50 51 18 42 37 51 1 33 53
65 7 17 35 14 96 87 11 48 15 6 95 65 50 90 15 28 93 37 67 16 48 19 21 81 5 87 80 53 21 20 75 1 76 90 47 30 91 53 23 3 30 83 1 99 56 33 88 43 23 5 72 84 94 89 9 65 20 33 50 84 15 98 82 31 12 20 66 77 74 53 45 30 48 13 47 0 99 53 71 36 26 89 63 44 64 78 47 83 8 78 88 61 48 57 17 22 84 65 98
66 40 29 31 95 77 74 56 42 51 95 94 99 95 34 74 57 40 61 38 66 22 94 49 64 78 54 59 42 19 20 89 68 95 53 76 20 79 87 61 67 83 66 54 56 52 52 30 10 33 21 81 74 35 16 1 27 68 51 47 99 49 79 50 45 5 17 49 44 75 53 59 60 26 10 48 99 0 98 52 31 15 56 53 66 92 28 68 9 98 70 13 3 100 43 99 97 84 93 75
30 19 74 46 1 46 58 71 48 73 4 58 14 34 38 10 10 14 59 54 80 3 1 92 87 45 46 28 17 97 7 47 38 46 67 51 40 4 84 54 64 55 80 43 63 16 76 50 96 72 87 22 22 1 63 61 8 39 64 68 83 41 59 100 44 73 45 71 90 75 96 37 97 1 97 12 53 98 0 67 34 99 68 19 46 25 38 46 3 61 57 12 10 71 18 26 15 2 41 48
20 41 44 84 58 49 67 26 9 42 75 71 23 41 82 78 39 42 73 34 66 36 72 71 22 35 48 65 65 60 48 43 16 37 37 33 31 18 41 20 20 56 99 18 35 98 48 97 100 33 53 71 91 69 77 31 87 40 38 31 38 69 20 18 27 28 22 75 2 19 60 65 64 50 38 92 71 52 67 0 36 19 7 83 44 90 89 25 35 34 26 23 46 92 63 15 71 38 76 27
42 82 10 33 53 9 12 73 87 99 41 76 81 100 73 99 71 45 54 89 44 11 81 57 24 12 66 82 54 100 53 54 72 64 41 19 28 100 63 15 63 7 71 52 50 78 95 11 99 6 56 69 10 20 11 97 16 26 75 87 33 93 43 87 30 82 71 32 81 53 24 95 80 14 54 53 36 31 34 36 0 90 21 42 76 42 27 100 17 6 98 4 71 78 88 43 26 81 67 63
96 67 9 29 71 20 73 21 28 79 16 54 95 74 77 71 85 72 28 11 28 64 37 73 55 10 57 44 98 75 63 14 12 82 27 4 84 100 53 54 80 27 40 65 2 97 81 39 37 4 76 25 66 1 68 77 94 47 16 35 73 94 74 53 61 89 98 53 94 42 70 30 16 58 87 18 26 15 99 19 90 0 59 62 50 46 45 32 40 4 82 93 58 3 38 96 84 20 37 36
9 56 45 35 90 71 73 20 10 6 10 96 96 67 80 84 13 79 89 39 63 48 60 64 8 77 5 86 69 19 37 53 54 65 69 63 87 98 57 97 75 84 65 6 95 44 54 33 78 85 31 68 9 40 87 13 72 40 3 79 2 36 12 100 71 100 68 28 48 55 7 9 98 31 5 83 89 56 68 7 21 59 0 76 39 19 15 46 18 42 53 93 47 36 55 44 46 64 69 49
48 5 51 94 86 61 21 17 51 64 11 64 77 85 54 64 48 79 64 48 72 80 90 34 15 43 79 18 71 88 44 12 65 81 100 99 46 97 46 29 35 50 93 49 37 10 56 48 98 76 40 75 100 82 29 51 10 15 86 10 69 86 58 1 1 84 92 7 12 17 76 85 15 5 85 15 63 53 19 83 42 62 76 0 1 33 58 31 38 72 75 98 75 50 47 61 71 60 63 54
60 93 72 78 78 57 95 72 5 91 6 93 80 89 33 73 66 72 80 13 68 31 22 8 91 84 79 15 100 10 62 81 1 52 95 47 98 5 30 69 74 82 22 44 86 56 15 73 42 73 72 66 19 18 64 86 13 36 77 40 37 7 74 21 39 28 100 35 38 3 27 37 57 24 2 10 44 66 46 44 76 50 39 1 0 99 40 69 32 23 62 67 88 22 79 72 36 22 20 55
60 13 5 64 96 36 43 3 85 84 83 6 30 80 60 30 51 92 48 24 29 1 42 28 22 87 65 40 29 84 9 65 99 100 98 70 15 47 78 27 35 96 61 97 16 85 31 2 18 30 92 84 34 10 76 4 5 38 76 61 4 100 92 47 66 71 30 71 51 21 57 86 39 83 52 38 64 92 25 90 42 46 19 33 99 0 40 1 83 36 77 95 85 35 91 80 53 27 37 65
51 21 10 43 75 24 30 72 7 70 46 4 16 46 41 81 95 58 6 60 91 45 51 32 58 1 80 44 88 26 52 86 79 35 87 64 74 2 74 70 10 6 10 77 76 36 72 8 23 100 61 74 48 83 95 53 60 40 19 33 13 68 98 37 91 29 42 59 23 74 50 57 35 47 77 10 78 28 38 89 27 45 15 58 40 40 0 29 25 30 80 66 27 43 93 95 58 13 93 100
48 20 46 19 45 68 74 44 71 57 63 57 62 80 84 16 49 31 89 39 60 56 8 99 67 59 31 56 96 79 85 71 14 9 25 4 85 64 92 63 32 10 65 61 78 54 69 6 93 21 93 12 22 9 68 34 64 22 52 31 73 96 66 35 80 77 31 21 62 9 82 27 86 39 68 98 47 68 46 25 100 32 46 31 69 1 29 0 47 84 84 31 94 78 10 81 90 56 89 54
33 56 43 61 13 13 25 90 17 19 75 65 31 55 78 61 42 75 25 59 67 35 6 100 98 63 75 82 84 52 15 55 87 38 86 41 63 79 51 73 44 28 4 62 27 7 34 70 2 16 73 42 44 93 26 96 17 12 37 41 66 87 69 95 42 86 24 82 46 48 74 31 23 95 89 2 83 9 3 35 17 40 18 38 32 83 25 47 0 60 83 17 53 15 36 4 62 83 34 93
29 71 59 32 33 23 4 2 94 55 67 23 99 31 37 46 27 17 89 98 89 89 34 39 64 22 34 41 58 79 82 23 75 15 74 25 98 98 100 90 74 83 51 13 41 89 89 34 80 91 61 80 60 86 54 56 77 46 47 77 35 84 60 63 8 42 58 80 71 57 38 43 95 53 12 31 8 98 61 34 6 4 42 72 23 36 30 84 60 0 8 38 2 36 65 46 95 56 77 96
34 3 40 88 72 77 79 69 78 80 65 71 2 79 92 42 44 44 33 79 18 24 28 2 80 42 22 68 99 17 45 13 60 96 26 42 11 68 42 100 67 78 90 17 16 23 4 90 50 76 31 76 55 64 29 63 4 5 59 2 68 86 68 14 6 19 12 55 78 32 46 9 19 87 78 84 78 70 57 26 98 82 53 75 62 77 80 84 83 8 0 82 25 68 27 45 83 41 73 48
36 80 50 43 46 32 72 5 13 87 48 38 63 18 88 8 60 31 18 69 33 80 17 25 41 56 44 97 97 65 82 48 53 20 93 40 79 88 96 26 42 31 77 86 72 79 79 57 47 52 52 96 97 100 93 34 65 10 39 66 99 26 98 99 26 97 55 23 85 13 19 84 88 13 97 50 88 13 12 23 4 93 93 98 67 95 66 31 17 38 82 0 98 13 19 24 87 64 94 34
1 59 20 62 16 72 82 96 73 50 24 81 67 32 64 53 66 5 70 48 56 66 7 86 18 29 68 88 68 7 46 27 82 77 47 41 13 13 86 28 33 79 82 47 18 25 32 87 54 70 71 91 18 34 59 8 76 88 68 26 93 96 40 76 5 29 92 21 86 57 84 4 46 32 76 51 61 3 10 46 71 58 47 75 88 85 27 94 53 2 25 98 0 65 58 18 97 34 93 32
4 83 39 91 55 100 67 27 23 2 93 51 49 84 69 58 12 64 42 42 4 5 38 21 20 34 62 71 89 2 62 86 46 46 97 70 99 7 43 1 100 63 46 53 92 67 10 95 91 83 58 84 100 69 62 26 79 58 78 17 44 35 39 72 75 24 14 29 76 97 61 10 15 51 50 18 48 100 71 92 78 3 36 50 22 35 43 78 15 36 68 13 65 0 50 73 17 18 77 11
8 19 46 28 19 49 5 2 84 34 37 86 11 17 39 88 60 41 26 50 86 33 56 64 9 16 2 73 25 56 14 90 60 68 4 96 80 58 85 44 86 22 48 69 10 82 26 42 42 83 34 44 81 43 25 73 26 62 80 94 67 20 85 16 19 65 4 68 21 67 5 45 72 32 54 42 57 43 18 63 88 38 55 47 79 91 93 10 36 65 27 19 58 50 0 68 81 44 98 67
29 92 1 16 39 10 83 87 90 9 62 60 4 32 60 73 83 82 79 75 26 61 51 20 11 11 36 9 70 33 20 41 36 74 61 77 71 98 97 28 44 39 99 19 36 40 77 92 14 83 11 98 46 86 8 84 87 20 67 86 46 37 90 61 100 6 78 48 18 9 33 53 41 22 52 37 17 99 26 15 43 96 44 61 72 80 95 81 4 46 45 24 18 73 68 0 78 82 18 98
37 22 97 18 85 22 25 4 26 17 71 100 60 62 56 62 73 27 61 62 26 96 2 54 37 70 86 92 27 37 86 57 51 83 37 1 1 23 72 6 34 13 76 24 95 3 31 100 47 24 81 77 34 23 87 34 57 5 39 33 15 11 45 94 19 57 63 43 12 14 47 68 69 57 80 51 22 97 15 71 26 84 46 71 36 53 58 90 62 95 83 87 97 17 81 78 0 88 90 64
42 59 98 46 71 98 29 11 64 49 78 59 43 61 14 14 30 39 58 30 96 57 93 24 84 37 66 5 3 19 38 26 87 77 16 52 21 100 30 30 5 59 58 81 67 68 19 80 54 90 53 51 72 92 42 15 54 4 73 98 52 58 1 91 68 37 34 94 1 56 44 18 38 36 56 1 84 84 2 38 81 20 64 60 22 27 13 56 83 56 41 64 34 18 44 82 88 0 4 33
75 85 9 47 98 31 36 91 46 41 57 27 14 16 86 63 55 75 4 96 70 36 47 5 37 44 88 89 13 74 25 73 58 65 80 61 72 71 26 80 24 39 96 78 63 27 28 92 98 69 92 28 76 62 16 18 40 98 43 68 82 10 20 83 95 32 22 31 58 17 100 13 94 21 49 33 65 93 41 76 67 37 69 63 20 37 93 89 34 77 73 94 93 77 98 18 90 4 0 94
83 63 22 34 41 5 91 64 8 67 6 6 85 6 83 84 77 59 54 74 83 51 28 81 32 45 11 78 5 52 51 52 33 80 28 8 36 3 36 87 58 31 63 5 59 27 24 39 45 77 88 14 90 47 24 71 66 97 30 70 3 67 34 55 33 68 51 32 13 72 75 15 73 93 74 53 98 75 48 27 63 36 49 54 55 65 100 54 93 96 48 34 32 11 67 98 64 33 94 0
